2.321995464852607824e+02
5.572789115646257869e+02
1.091337868480725547e+03
1.253877551020408191e+03
1.602176870748299280e+03
2.298775510204081456e+03
2.623854875283446745e+03
3.668752834467120465e+03
4.713650793650793275e+03
5.224489795918367236e+03
5.410249433106575452e+03
5.758548752834466541e+03
6.431927437641723373e+03
6.780226757369614461e+03
8.498503401360543648e+03
8.846802721088435646e+03
9.380861678004535861e+03
9.543401360544217823e+03
9.891700680272109821e+03
1.056507936507936574e+04
1.091337868480725592e+04
1.160997732426303810e+04
1.193505668934240384e+04
1.263165532879818602e+04
1.281741496598639424e+04
1.297995464852607620e+04
1.349079365079365016e+04
1.367655328798185838e+04
1.402485260770975037e+04
1.425705215419501292e+04
1.469823129251700630e+04
1.504653061224489647e+04
1.678802721088435646e+04
1.711310657596372039e+04
1.780970521541950075e+04
1.815800453514739274e+04
1.885460317460317310e+04
1.920290249433106510e+04
1.989950113378684910e+04
2.024780045351473746e+04
2.092117913832199702e+04
2.126947845804988538e+04
2.171065759637188239e+04
2.194285714285714130e+04
2.229115646258503330e+04
2.298775510204081365e+04
2.333605442176870929e+04
2.505433106575963757e+04
2.540263038548752593e+04
2.607600907029478549e+04
2.642430839002267749e+04
2.712090702947845784e+04
2.746920634920634984e+04
2.816580498866213020e+04
2.849088435374149776e+04
2.921070294784580619e+04
2.953578231292517012e+04
3.004662131519274408e+04
3.023238095238095411e+04
3.055746031746031804e+04
3.088253968253968196e+04
3.125405895691610203e+04
3.160235827664399039e+04
