2.321995464852607824e+02
3.482993197278911452e+02
5.804988662131519277e+02
8.591383219954648212e+02
9.752380952380951840e+02
1.253877551020408191e+03
1.764716553287981924e+03
2.252335600907029402e+03
2.647074829931972999e+03
3.041814058956916142e+03
3.227573696145124813e+03
3.413333333333333485e+03
3.668752834467120465e+03
3.924172335600906990e+03
4.063492063492063153e+03
4.318911564625849678e+03
4.481451247165533459e+03
4.690430839002267930e+03
4.876190476190477057e+03
5.085170068027211528e+03
5.201269841269840981e+03
5.479909297052154216e+03
5.735328798185941196e+03
5.874648526077096903e+03
5.990748299319728176e+03
6.385487528344671773e+03
6.780226757369614461e+03
7.151746031746031804e+03
7.546485260770975401e+03
7.801904761904761472e+03
8.057324263038548452e+03
8.196643990929704159e+03
8.428843537414966704e+03
8.614603174603174921e+03
8.777142857142856883e+03
8.939682539682540664e+03
9.195102040816325825e+03
9.334421768707481533e+03
9.589841269841268513e+03
9.845260770975055493e+03
9.984580498866213020e+03
1.012390022675736873e+04
1.075083900226757396e+04
1.089015873015872967e+04
1.100625850340136094e+04
1.114557823129251665e+04
1.140099773242630363e+04
1.163319727891156435e+04
1.177251700680272006e+04
1.191183673469387759e+04
1.216725623582766457e+04
1.230657596371882028e+04
1.242267573696145155e+04
1.281741496598639424e+04
1.293351473922902551e+04
1.307283446712018122e+04
1.318893424036281249e+04
1.344435374149659947e+04
1.369977324263038463e+04
1.395519274376417161e+04
1.409451247165532732e+04
1.486077097505669008e+04
1.500009070294784578e+04
1.513941043083900149e+04
1.525551020408163276e+04
1.551092970521541974e+04
1.574312925170068047e+04
1.588244897959183800e+04
1.602176870748299552e+04
1.627718820861678068e+04
1.641650793650793639e+04
1.653260770975056948e+04
1.669514739229024781e+04
1.692734693877551035e+04
1.732208616780045486e+04
1.769360544217687129e+04
1.871528344671201921e+04
1.885460317460317310e+04
1.911002267573696008e+04
1.934222222222222263e+04
1.950476190476190823e+04
1.976018140589569157e+04
1.987628117913832102e+04
2.015492063492063608e+04
2.027102040816326553e+04
2.050321995464852444e+04
2.078185941043083949e+04
2.092117913832199702e+04
2.115337868480725592e+04
2.143201814058957098e+04
2.154811791383220043e+04
2.168743764172335796e+04
2.284843537414965976e+04
2.298775510204081365e+04
2.321995464852607620e+04
2.347537414965986318e+04
2.363791383219954878e+04
2.377723356009070267e+04
2.389333333333333576e+04
2.400943310657596521e+04
2.412553287981859467e+04
2.426485260770975219e+04
2.440417233560090972e+04
2.489179138321995197e+04
2.500789115646258506e+04
2.514721088435373895e+04
2.526331065759637204e+04
2.551873015873015902e+04
2.565804988662131655e+04
2.591346938775510353e+04
2.642430839002267749e+04
2.693514739229025145e+04
2.730666666666666788e+04
2.749242630385487428e+04
2.809614512471655325e+04
2.832834467120181580e+04
2.860698412698412722e+04
2.872308390022675667e+04
2.897850340136054365e+04
2.914104308390022561e+04
2.935002267573696372e+04
2.953578231292517012e+04
2.976798185941042902e+04
2.988408163265306212e+04
3.016272108843537717e+04
3.041814058956916415e+04
3.055746031746031804e+04
3.067356009070295113e+04
3.104507936507936392e+04
3.143981859410430843e+04
3.181133786848072850e+04
3.220607709750566937e+04
3.246149659863945635e+04
3.274013605442176777e+04
3.285623582766440086e+04
3.311165532879818784e+04
3.329741496598639060e+04
3.345995464852607984e+04
3.362249433106576180e+04
3.387791383219954878e+04
3.401723356009070267e+04
3.424943310657596157e+04
3.452807256235827663e+04
3.464417233560090972e+04
3.478349206349206361e+04
3.515501133786847640e+04
3.529433106575963757e+04
3.552653061224489647e+04
3.592126984126983734e+04
3.617668934240362432e+04
3.631600907029478549e+04
3.657142857142857247e+04
3.671074829931972636e+04
3.722158730158730032e+04
3.738412698412698956e+04
3.754666666666666424e+04
3.773242630385487428e+04
3.789496598639455624e+04
3.808072562358276627e+04
3.824326530612244824e+04
3.835936507936507405e+04
3.861478458049886103e+04
3.875410430839002220e+04
3.900952380952381645e+04
3.926494331065760343e+04
3.940426303854875732e+04
3.954358276643991121e+04
3.965968253968254430e+04
3.982222222222222626e+04
4.003120181405895710e+04
4.017052154195011826e+04
4.028662131519274408e+04
4.042594104308390524e+04
4.068136054421769222e+04
4.082068027210884611e+04
4.130829931972789200e+04
4.144761904761905316e+04
4.172625850340136094e+04
4.184235827664399403e+04
4.200489795918367599e+04
4.219065759637188603e+04
4.235319727891156799e+04
4.337487528344671591e+04
4.351419501133786980e+04
4.376961451247165678e+04
4.400181405895691569e+04
4.416435374149659765e+04
4.441977324263038463e+04
4.453587301587301772e+04
4.479129251700680470e+04
4.493061224489795859e+04
4.509315192743764055e+04
4.544145124716553255e+04
4.555755102040816564e+04
4.581297052154195262e+04
4.609160997732426040e+04
4.620770975056689349e+04
4.634702947845804738e+04
4.748480725623582839e+04
4.762412698412698228e+04
4.787954648526076926e+04
4.811174603174602817e+04
4.829750566893424548e+04
4.855292517006803246e+04
4.864580498866213020e+04
4.892444444444444525e+04
4.904054421768707834e+04
4.917986394557823223e+04
4.952816326530611695e+04
4.966748299319728540e+04
4.980680272108843928e+04
4.992290249433107238e+04
5.017832199546485936e+04
5.029442176870747790e+04
5.057306122448980022e+04
5.108390022675737418e+04
5.131609977324263309e+04
5.159473922902494814e+04
5.171083900226757396e+04
5.196625850340136094e+04
5.236099773242630908e+04
5.261641723356008879e+04
5.275573696145124995e+04
5.298793650793650886e+04
5.312725623582766275e+04
5.363809523809523671e+04
5.380063492063491867e+04
5.398639455782313598e+04
5.414893424036281067e+04
5.431147392290249263e+04
5.449723356009070267e+04
5.465977324263038463e+04
5.477587301587301772e+04
5.505451247165532550e+04
5.519383219954648666e+04
5.542603174603174557e+04
5.568145124716553255e+04
5.582077097505668644e+04
5.607619047619047342e+04
5.644770975056689349e+04
5.663346938775509625e+04
5.672634920634920854e+04
5.686566893424036243e+04
5.709786848072562134e+04
5.723718820861677523e+04
5.774802721088434919e+04
5.786412698412698228e+04
5.814276643990929733e+04
5.825886621315192315e+04
5.844462585034014046e+04
5.860716553287981515e+04
5.876970521541949711e+04